[0.9992891101142144,0.03769979319759568,0.9999674023625714,-0.008074293297328882,0.08040224715342556,0.05505348588322481] [0.9980952386346776,0.06169193314190933,0.9996375037374731,-0.026923245003406673,0.1542303740682058,-0.23633035140147177]
[0.9980952386346776,0.06169193314190933,0.9996375037374731,-0.026923245003406673,0.1542303740682058,-0.23633035140147177] [0.9953700246694379,0.09611718883510174,0.9952632717685352,-0.09721635597259784,0.18180278879358389,-0.45036853003104216]
[0.9953700246694379,0.09611718883510174,0.9952632717685352,-0.09721635597259784,0.18180278879358389,-0.45036853003104216] [0.9915275687774214,0.1298964216379178,0.9803794682007521,-0.19711950266376652,0.14804604834594715,-0.5373555305713892]
[0.9915275687774214,0.1298964216379178,0.9803794682007521,-0.19711950266376652,0.14804604834594715,-0.5373555305713892] [0.9885271979845631,0.15104297019321472,0.9544649718930719,-0.298323008548046,0.05809052730879874,-0.4870355085027733]
[0.9885271979845631,0.15104297019321472,0.9544649718930719,-0.298323008548046,0.05809052730879874,-0.4870355085027733] [0.9885688637709271,0.15077002879438017,0.9264497493304397,-0.3764184665575873,-0.06292302743085113,-0.32974252822157346]
[0.9885688637709271,0.15077002879438017,0.9264497493304397,-0.3764184665575873,-0.06292302743085113,-0.32974252822157346] [0.9919740778588211,0.12644140483299565,0.9084111998619232,-0.4180778539523722,-0.17865304779395164,-0.12116783340456402]
[0.9919740778588211,0.12644140483299565,0.9084111998619232,-0.4180778539523722,-0.17865304779395164,-0.12116783340456402] [0.9965886194117592,0.08252953204134635,0.906839363661439,-0.4214764151338914,-0.25380716094409994,0.07730258273956028]
[0.9965886194117592,0.08252953204134635,0.906839363661439,-0.4214764151338914,-0.25380716094409994,0.07730258273956028] [0.9995605422256644,0.029643252613974276,0.9192621883244269,-0.39364581684172134,-0.26430000501612994,0.21429887493468666]
[0.9995605422256644,0.029643252613974276,0.9192621883244269,-0.39364581684172134,-0.26430000501612994,0.21429887493468666] [0.9998335450598593,-0.018245058866286492,0.9374576823536424,-0.3480992585400571,-0.20363163166757575,0.26076458728801477]
[0.9998335450598593,-0.018245058866286492,0.9374576823536424,-0.3480992585400571,-0.20363163166757575,0.26076458728801477] [0.998855867225858,-0.04782213408537033,0.9534223569185604,-0.3016385408528844,-0.0850809135393491,0.21798588482244594]
[0.998855867225858,-0.04782213408537033,0.9534223569185604,-0.3016385408528844,-0.0850809135393491,0.21798588482244594] [0.9987324084711374,-0.05033464283613228,0.9631302980030728,-0.2690353676907781,0.06119964133269909,0.11652916456220133]
[0.9987324084711374,-0.05033464283613228,0.9631302980030728,-0.2690353676907781,0.06119964133269909,0.11652916456220133] [0.9997097851729135,-0.024090359680315365,0.9662485961302157,-0.2576114331243614,0.19622352518162567,0.004504322059737373]
[0.9997097851729135,-0.024090359680315365,0.9662485961302157,-0.2576114331243614,0.19622352518162567,0.004504322059737373] [0.999690236801864,0.024888359589034657,0.9642885051106197,-0.26485407097404845,0.2832798521402222,-0.07025870472604237]
[0.999690236801864,0.024888359589034657,0.9642885051106197,-0.26485407097404845,0.2832798521402222,-0.07025870472604237] [0.9964441983274168,0.08425532398389816,0.9599350795778215,-0.28022248838364394,0.29880093996514345,-0.07755950533005611]
[0.9964441983274168,0.08425532398389816,0.9599350795778215,-0.28022248838364394,0.29880093996514345,-0.07755950533005611] [0.9903135533587664,0.13884907646050015,0.9570100297512616,-0.2900548274990253,0.23935867680867592,-0.01528420731104628]
[0.9903135533587664,0.13884907646050015,0.9570100297512616,-0.2900548274990253,0.23935867680867592,-0.01528420731104628] [0.9845260221388489,0.17523844250464837,0.9590820600172718,-0.28312824329802616,0.12214987046600381,0.09140090573189846]
[0.9845260221388489,0.17523844250464837,0.9590820600172718,-0.28312824329802616,0.12214987046600381,0.09140090573189846] [0.9826795729376875,0.1853128622924055,0.967024004122717,-0.2546852478069104,-0.02069970124651435,0.20015022426623996]
[0.9826795729376875,0.1853128622924055,0.967024004122717,-0.2546852478069104,-0.02069970124651435,0.20015022426623996] [0.9858071974333436,0.167881414958943,0.9780426678146499,-0.20840475026736408,-0.15128728672454606,0.26485135053685904]
[0.9858071974333436,0.167881414958943,0.9780426678146499,-0.20840475026736408,-0.15128728672454606,0.26485135053685904] [0.9916932382829518,0.12862550736099204,0.9876966539168069,-0.15638196776336902,-0.23603416972801788,0.2493291775692092]
[0.9916932382829518,0.12862550736099204,0.9876966539168069,-0.15638196776336902,-0.23603416972801788,0.2493291775692092] [0.9969003979683148,0.07867398890748824,0.9932104787653916,-0.11633118614809007,-0.2548802806142936,0.14047142726475143]
[0.9969003979683148,0.07867398890748824,0.9932104787653916,-0.11633118614809007,-0.2548802806142936,0.14047142726475143] [0.9995011903944475,0.03158117160718432,0.9943842123123918,-0.10583023341117624,-0.2070523437201593,-0.043661951152919876]
[0.9995011903944475,0.03158117160718432,0.9943842123123918,-0.10583023341117624,-0.2070523437201593,-0.043661951152919876] [0.9999997113801926,-0.000759762812709609,0.990753739997818,-0.13567249787755842,-0.11100683244858339,-0.25643356597289835]
[0.9999997113801926,-0.000759762812709609,0.990753739997818,-0.13567249787755842,-0.11100683244858339,-0.25643356597289835] [0.9999320688695101,-0.011655798828959445,0.9787697620678827,-0.20496280848383266,0.00181189247468945,-0.43614455364136284]
[0.9999320688695101,-0.011655798828959445,0.9787697620678827,-0.20496280848383266,0.00181189247468945,-0.43614455364136284] [0.9999993019831258,-0.0011815385144826713,0.9540015791796722,-0.29980157925316486,0.09773083339434155,-0.5261267738440173]
[0.9999993019831258,-0.0011815385144826713,0.9540015791796722,-0.29980157925316486,0.09773083339434155,-0.5261267738440173] [0.9996972050822004,0.02460687202464125,0.9176714672289473,-0.3973400033143793,0.15222409946713059,-0.49458082731953323]
[0.9996972050822004,0.02460687202464125,0.9176714672289473,-0.3973400033143793,0.15222409946713059,-0.49458082731953323] [0.9984179263474965,0.05622850120681773,0.8803387497532408,-0.4743455340602469,0.1561262034038102,-0.344043299787771]
[0.9984179263474965,0.05622850120681773,0.8803387497532408,-0.4743455340602469,0.1561262034038102,-0.344043299787771] [0.9964778307769687,0.08385662031126034,0.8575701120655783,-0.5143670896274677,0.1144946462630958,-0.10595975189759257]
[0.9964778307769687,0.08385662031126034,0.8575701120655783,-0.5143670896274677,0.1144946462630958,-0.10595975189759257] [0.9950068422765367,0.0998067323524585,0.8608161529174247,-0.5089160548424906,0.04248323190526397,0.1709567295975293]
[0.9950068422765367,0.0998067323524585,0.8608161529174247,-0.5089160548424906,0.04248323190526397,0.1709567295975293] [0.9949665957353946,0.10020715229323679,0.890153558932956,-0.45566066488011936,-0.037528861518780474,0.42870522824972934]
[0.9949665957353946,0.10020715229323679,0.890153558932956,-0.45566066488011936,-0.037528861518780474,0.42870522824972934] [0.9962860719426239,0.08610495254709202,0.9331018894553156,-0.35961210198618165,-0.09878712124390693,0.6056871453398502]
[0.9962860719426239,0.08610495254709202,0.9331018894553156,-0.35961210198618165,-0.09878712124390693,0.6056871453398502] [0.9979666184619184,0.06373875144434411,0.9713685085075918,-0.23757782026051255,-0.11715518805533627,0.6493785385717173]
[0.9979666184619184,0.06373875144434411,0.9713685085075918,-0.23757782026051255,-0.11715518805533627,0.6493785385717173] [0.9990760475902016,0.042977332764391224,0.9929708318732969,-0.11835931331691942,-0.08256310581059768,0.5386852739466914]
[0.9990760475902016,0.042977332764391224,0.9929708318732969,-0.11835931331691942,-0.08256310581059768,0.5386852739466914] [0.9994346727541271,0.033620453549155445,0.9994493111980481,-0.03318244032236379,-0.006470439386727492,0.29961471889343416]
[0.9994346727541271,0.033620453549155445,0.9994493111980481,-0.03318244032236379,-0.006470439386727492,0.29961471889343416] [0.9991459106221684,0.04132129338486139,0.9999949567959021,-0.0031759066047016993,0.08276442050719379,-0.0031829755208401256]
[0.9991459106221684,0.04132129338486139,0.9999949567959021,-0.0031759066047016993,0.08276442050719379,-0.0031829755208401256] [0.9978631735162979,0.0653382502060069,0.999441467220506,-0.03341786348829504,0.15180480299052418,-0.29008856461837734]
[0.9978631735162979,0.0653382502060069,0.999441467220506,-0.03341786348829504,0.15180480299052418,-0.29008856461837734] [0.9951217919040349,0.09865403832435188,0.9935952471231244,-0.11299772074841788,0.17309282695323455,-0.4888612957570401]
[0.9951217919040349,0.09865403832435188,0.9935952471231244,-0.11299772074841788,0.17309282695323455,-0.4888612957570401] [0.9915016615828918,0.1300940239917452,0.9759261675866067,-0.21810115868495172,0.13355789017591124,-0.5541024709332838]
[0.9915016615828918,0.1300940239917452,0.9759261675866067,-0.21810115868495172,0.13355789017591124,-0.5541024709332838] [0.9889823640586292,0.14803338671058341,0.9474963910035097,-0.3197664601475964,0.04083468021517482,-0.4817391247378595]
[0.9889823640586292,0.14803338671058341,0.9474963910035097,-0.3197664601475964,0.04083468021517482,-0.4817391247378595] [0.9895094512570713,0.1444681482989573,0.9188594624725024,-0.39458495691643386,-0.07809629775683152,-0.30760301202353396]
[0.9895094512570713,0.1444681482989573,0.9188594624725024,-0.39458495691643386,-0.07809629775683152,-0.30760301202353396] [0.9930456384262479,0.11773003016480406,0.9023688963962985,-0.43096447048048686,-0.18684361450325634,-0.09008964165017774]
[0.9930456384262479,0.11773003016480406,0.9023688963962985,-0.43096447048048686,-0.18684361450325634,-0.09008964165017774] [0.9973226122133649,0.07312733529884853,0.9035291291540702,-0.4285266768476468,-0.2518606153532045,0.10953099969123253]
[0.9973226122133649,0.07312733529884853,0.9035291291540702,-0.4285266768476468,-0.2518606153532045,0.10953099969123253] [0.9997650049359674,0.021677982041345998,0.9185782419413655,-0.39523918509164835,-0.2517998510853015,0.24191963335162664]
[0.9997650049359674,0.021677982041345998,0.9185782419413655,-0.39523918509164835,-0.2517998510853015,0.24191963335162664] [0.999739245818663,-0.022835068861971407,0.9385231989095868,-0.3452161715628572,-0.18296227532015102,0.2810377211540323]
[0.999739245818663,-0.022835068861971407,0.9385231989095868,-0.3452161715628572,-0.18296227532015102,0.2810377211540323] [0.9988555810109795,-0.04782811185086307,0.955331615342777,-0.29553596181608816,-0.06076049714018013,0.23115517660666374]
[0.9988555810109795,-0.04782811185086307,0.955331615342777,-0.29553596181608816,-0.06076049714018013,0.23115517660666374] [0.9989608211085632,-0.045577164129695445,0.9653808151323049,-0.2608445548108809,0.08366081858437564,0.12478488526063386]
[0.9989608211085632,-0.045577164129695445,0.9653808151323049,-0.2608445548108809,0.08366081858437564,0.12478488526063386] [0.999880425135113,-0.01546400438521014,0.9687455290469033,-0.24805664665885413,0.2116832259826678,0.010409704438105752]
[0.999880425135113,-0.01546400438521014,0.9687455290469033,-0.24805664665885413,0.2116832259826678,0.010409704438105752] [0.9993663893496871,0.03559241264890106,0.9671333283248931,-0.2542697883021391,0.2882654477405122,-0.06524880879616243]
[0.9993663893496871,0.03559241264890106,0.9671333283248931,-0.2542697883021391,0.2882654477405122,-0.06524880879616243] [0.995498968202582,0.09477238156548876,0.96318764836282,-0.26882997236413314,0.29241439420315685,-0.07395085690865469]
[0.995498968202582,0.09477238156548876,0.96318764836282,-0.26882997236413314,0.29241439420315685,-0.07395085690865469] [0.9891300981226058,0.14704301747435794,0.9604904744416892,-0.2783128608361077,0.2234479585840201,-0.015373896056254374]
[0.9891300981226058,0.14704301747435794,0.9604904744416892,-0.2783128608361077,0.2234479585840201,-0.015373896056254374] [0.9837339554743844,0.17963158087241216,0.9623031702685293,-0.27197905892023716,0.10067407320114576,0.08460501055729064]
[0.9837339554743844,0.17963158087241216,0.9623031702685293,-0.27197905892023716,0.10067407320114576,0.08460501055729064] [0.9826751478567191,0.1853363261338026,0.9693665489667853,-0.24561859405229264,-0.04280921345934151,0.18428467667615628]
[0.9826751478567191,0.1853363261338026,0.9693665489667853,-0.24561859405229264,-0.04280921345934151,0.18428467667615628] [0.986480987409752,0.16387575012515074,0.979116035489976,-0.20330221112027247,-0.1693601571637079,0.23933458070754124]
[0.986480987409752,0.16387575012515074,0.979116035489976,-0.20330221112027247,-0.1693601571637079,0.23933458070754124] [0.9925664611545107,0.12170382159657595,0.987585079202996,-0.15708504491393246,-0.24671860937554724,0.21617195194864108]
[0.9925664611545107,0.12170382159657595,0.987585079202996,-0.15708504491393246,-0.24671860937554724,0.21617195194864108] [0.9975151278868506,0.07045260560745903,0.9922824531706861,-0.12399811744363362,-0.2568455530622592,0.10454148045706459]
[0.9975151278868506,0.07045260560745903,0.9922824531706861,-0.12399811744363362,-0.2568455530622592,0.10454148045706459] [0.9997176277155109,0.02376267735065336,0.9927323182210831,-0.12034344335855729,-0.2011681222653615,-0.0753164004779988]
[0.9997176277155109,0.02376267735065336,0.9927323182210831,-0.12034344335855729,-0.2011681222653615,-0.0753164004779988] [0.9999766789014748,-0.006829469465246004,0.987862636047963,-0.15533001094563123,-0.0998931646974732,-0.27624938428622037]
[0.9999766789014748,-0.006829469465246004,0.987862636047963,-0.15533001094563123,-0.0998931646974732,-0.27624938428622037] [0.9998835607287906,-0.015259914295792015,0.9739938119890166,-0.22657461068509932,0.014823266332103402,-0.4383055968620684]
[0.9998835607287906,-0.015259914295792015,0.9739938119890166,-0.22657461068509932,0.014823266332103402,-0.4383055968620684] [0.9999974917488047,-0.0022397535800449957,0.9476257302221491,-0.3193829604423797,0.10981117376653732,-0.5086291558791768]
[0.9999974917488047,-0.0022397535800449957,0.9476257302221491,-0.3193829604423797,0.10981117376653732,-0.5086291558791768] [0.9996692152152943,0.025718867604107916,0.9114857593547058,-0.41133163079633855,0.16165137644286112,-0.4598402897901986]
[0.9996692152152943,0.025718867604107916,0.9114857593547058,-0.41133163079633855,0.16165137644286112,-0.4598402897901986] [0.9982652292071423,0.0588772634894963,0.876962207775829,-0.4805593471496977,0.16199945928411066,-0.2975871059592616]
[0.9982652292071423,0.0588772634894963,0.876962207775829,-0.4805593471496977,0.16199945928411066,-0.2975871059592616] [0.9961843554765759,0.08727387870215815,0.8590172770317721,-0.511946596590816,0.11635941720316291,-0.05470556787014477]
[0.9961843554765759,0.08727387870215815,0.8590172770317721,-0.511946596590816,0.11635941720316291,-0.05470556787014477] [0.9946602092031139,0.1032040126546325,0.8673156511054041,-0.4977585371920898,0.04061299300244493,0.21926633560877976]
[0.9946602092031139,0.1032040126546325,0.8673156511054041,-0.4977585371920898,0.04061299300244493,0.21926633560877976] [0.9946833300892183,0.1029809343646836,0.8997672951584884,-0.43637004315509287,-0.04154863407403815,0.4653005384214925]
[0.9946833300892183,0.1029809343646836,0.8997672951584884,-0.43637004315509287,-0.04154863407403815,0.4653005384214925] [0.9961120885533983,0.08809487520728325,0.9424490449093199,-0.3343498134432119,-0.1022013429957969,0.6215966448088429]
[0.9961120885533983,0.08809487520728325,0.9424490449093199,-0.3343498134432119,-0.1022013429957969,0.6215966448088429] [0.9978637671683733,0.06532918316145096,0.9775335718409414,-0.21077978063346367,-0.11753727248103668,0.6386226482992937]
[0.9978637671683733,0.06532918316145096,0.9775335718409414,-0.21077978063346367,-0.11753727248103668,0.6386226482992937] [0.9989942916505987,0.04483754285772675,0.9954003102957348,-0.09580303890354885,-0.07969697091739888,0.5021465617804199]
[0.9989942916505987,0.04483754285772675,0.9954003102957348,-0.09580303890354885,-0.07969697091739888,0.5021465617804199] [0.99934437083459,0.03620536536505824,0.9998050488070064,-0.0197449836672431,-0.002580496736989832,0.24549474070102562]
[0.99934437083459,0.03620536536505824,0.9998050488070064,-0.0197449836672431,-0.002580496736989832,0.24549474070102562] [0.9990085233603905,0.04451932449276604,0.9999991458464244,-0.0013070219667659928,0.08452360832075527,-0.06268618186132413]
[0.9990085233603905,0.04451932449276604,0.9999991458464244,-0.0013070219667659928,0.08452360832075527,-0.06268618186132413] [0.9976552774148619,0.0684393705864903,0.9990788575060442,-0.042911962020132983,0.1487813842524711,-0.34233738463443947]
[0.9976552774148619,0.0684393705864903,0.9990788575060442,-0.042911962020132983,0.1487813842524711,-0.34233738463443947] [0.9949329207254325,0.10054095313234448,0.991358710415513,-0.1311789132570133,0.16394383138803165,-0.5234278415249203]
[0.9949329207254325,0.10054095313234448,0.991358710415513,-0.1311789132570133,0.16394383138803165,-0.5234278415249203] [0.9915670227674943,0.12959490483814307,0.9706646845796905,-0.2404372477587657,0.11906257589724661,-0.5654724412971004]
[0.9915670227674943,0.12959490483814307,0.9706646845796905,-0.2404372477587657,0.11906257589724661,-0.5654724412971004] [0.9895198664497927,0.14439679325104277,0.9399129004250598,-0.3414143225093986,0.024331173079447113,-0.4709530733386049]
[0.9895198664497927,0.14439679325104277,0.9399129004250598,-0.3414143225093986,0.024331173079447113,-0.4709530733386049] [0.9904641996505736,0.13777034953337622,0.9111694146879293,-0.4120319134936714,-0.09165250846827847,-0.28096367877093825]
[0.9904641996505736,0.13777034953337622,0.9111694146879293,-0.4120319134936714,-0.09165250846827847,-0.28096367877093825] [0.994041166822939,0.10900531483047035,0.8967531924370726,-0.4425310292554847,-0.19283097782018338,-0.05601357075085661]
[0.994041166822939,0.10900531483047035,0.8967531924370726,-0.4425310292554847,-0.19283097782018338,-0.05601357075085661] [0.997939169877876,0.06416707273560013,0.9009565080667505,-0.43390940364570035,-0.2476816578966794,0.1432703470291651]
[0.997939169877876,0.06416707273560013,0.9009565080667505,-0.43390940364570035,-0.2476816578966794,0.1432703470291651] [0.9998940065302792,0.014559385454956986,0.9186835368077348,-0.3949943786921926,-0.23763063454367933,0.2698620312740414]
[0.9998940065302792,0.014559385454956986,0.9186835368077348,-0.3949943786921926,-0.23763063454367933,0.2698620312740414] [0.9996531362007551,-0.026336425042029245,0.9402538162134622,-0.3404743178215076,-0.16160362882396942,0.3007696280975318]
[0.9996531362007551,-0.026336425042029245,0.9402538162134622,-0.3404743178215076,-0.16160362882396942,0.3007696280975318] [0.9989079650844629,-0.046721272358718514,0.957720360738806,-0.2877007310145935,-0.03687415324060875,0.24311095285047654]
[0.9989079650844629,-0.046721272358718514,0.957720360738806,-0.2877007310145935,-0.03687415324060875,0.24311095285047654] [0.9992038298005824,-0.03989619670907013,0.9679372242221418,-0.25119221716672535,0.1046872179413996,0.13118864951027226]
[0.9992038298005824,-0.03989619670907013,0.9679372242221418,-0.25119221716672535,0.1046872179413996,0.13118864951027226] [0.999980318195747,-0.0062740115661963835,0.9713987053203914,-0.23745432255881854,0.2250378649181595,0.013792311214178982]
[0.999980318195747,-0.0062740115661963835,0.9713987053203914,-0.23745432255881854,0.2250378649181595,0.013792311214178982] [0.9989227424440292,0.04640425226312332,0.9699795428312845,-0.2431865261251379,0.2909296118040843,-0.063405155409773]
[0.9989227424440292,0.04640425226312332,0.9699795428312845,-0.2431865261251379,0.2909296118040843,-0.063405155409773] [0.9944778877440954,0.10494632336600637,0.9662534889843404,-0.2575930803138725,0.2839552422347478,-0.07395477115007583]
[0.9944778877440954,0.10494632336600637,0.9662534889843404,-0.2575930803138725,0.2839552422347478,-0.07395477115007583] [0.9879861399670009,0.15454250946941953,0.9635773802325367,-0.26742967730639267,0.20607081799331425,-0.01910943991996076]
[0.9879861399670009,0.15454250946941953,0.9635773802325367,-0.26742967730639267,0.20607081799331425,-0.01910943991996076] [0.9830891429934216,0.18312765200389514,0.9649708924622278,-0.2623569642693931,0.0785162179826562,0.07469720064054255]
[0.9830891429934216,0.18312765200389514,0.9649708924622278,-0.2623569642693931,0.0785162179826562,0.07469720064054255] [0.982849207098062,0.18441105201888222,0.9711157209151504,-0.23860900358420592,-0.06481218163050875,0.16642175894352307]
[0.982849207098062,0.18441105201888222,0.9711157209151504,-0.23860900358420592,-0.06481218163050875,0.16642175894352307] [0.9872779156401293,0.15900414236516516,0.9796866566031289,-0.20053442316416145,-0.18665659933085224,0.21338900957309062]
[0.9872779156401293,0.15900414236516516,0.9796866566031289,-0.20053442316416145,-0.18665659933085224,0.21338900957309062] [0.9934678110343375,0.11411270060182598,0.9871081610613275,-0.16005461057440445,-0.2561501229076793,0.18438160181613808]
[0.9934678110343375,0.11411270060182598,0.9871081610613275,-0.16005461057440445,-0.2561501229076793,0.18438160181613808] [0.9980862020330991,0.06183796011467266,0.9910505635695497,-0.13348700479251918,-0.25731692905507597,0.0717063149775053]
[0.9980862020330991,0.06183796011467266,0.9910505635695497,-0.13348700479251918,-0.25731692905507597,0.0717063149775053] [0.999874279906739,0.01585636720626995,0.9907218264681159,-0.13590534411744276,-0.19378383032165097,-0.1025472503610058]
[0.999874279906739,0.01585636720626995,0.9907218264681159,-0.13590534411744276,-0.19378383032165097,-0.1025472503610058] [0.9999193583319892,-0.012699481601352897,0.984559757779184,-0.17504880280023158,-0.08743992220074172,-0.29103101855408375]
[0.9999193583319892,-0.012699481601352897,0.984559757779184,-0.17504880280023158,-0.08743992220074172,-0.29103101855408375] [0.9998303597154843,-0.01841878908086313,0.9689555027772185,-0.24723517880299253,0.028944371843361835,-0.43573313956677484]
[0.9998303597154843,-0.01841878908086313,0.9689555027772185,-0.24723517880299253,0.028944371843361835,-0.43573313956677484] [0.9999964669189382,-0.0026582230231897226,0.9414275126359739,-0.3372154184672511,0.12270992623826409,-0.4874928475914073]
[0.9999964669189382,-0.0026582230231897226,0.9414275126359739,-0.3372154184672511,0.12270992623826409,-0.4874928475914073] [0.9996192850617113,0.027591392366340044,0.9060617573849155,-0.4231454735721022,0.17143472329701048,-0.42291701846419916]
[0.9996192850617113,0.027591392366340044,0.9060617573849155,-0.4231454735721022,0.17143472329701048,-0.42291701846419916] [0.9980580234594976,0.062291105369234476,0.87479975315547,-0.4844846662992843,0.1675531391096654,-0.2503814640724258]
[0.9980580234594976,0.062291105369234476,0.87479975315547,-0.4844846662992843,0.1675531391096654,-0.2503814640724258] [0.9958217471431656,0.09131838761571015,0.861780093070191,-0.5072820430371382,0.11720717842011749,-0.004107334103726573]
[0.9958217471431656,0.09131838761571015,0.861780093070191,-0.5072820430371382,0.11720717842011749,-0.004107334103726573] [0.9942612659316785,0.10697913379690466,0.8747934840569039,-0.4844959857951182,0.037337884491788986,0.26529690939049144]
[0.9942612659316785,0.10697913379690466,0.8747934840569039,-0.4844959857951182,0.037337884491788986,0.26529690939049144] [0.9943812604219731,0.10585796579194295,0.9096571155793393,-0.4153600029803985,-0.046847619254705,0.49770194854648653]
[0.9943812604219731,0.10585796579194295,0.9096571155793393,-0.4153600029803985,-0.046847619254705,0.49770194854648653] [0.9959435500554052,0.08998024840506082,0.9513115054623531,-0.30823111389824254,-0.10640299840477399,0.631579134825492]
[0.9959435500554052,0.08998024840506082,0.9513115054623531,-0.30823111389824254,-0.10640299840477399,0.631579134825492] [0.9977727656927684,0.0667046328361365,0.9828438835404247,-0.18443942254077872,-0.11828424841435249,0.6213142006173707]
[0.9977727656927684,0.0667046328361365,0.9828438835404247,-0.18443942254077872,-0.11828424841435249,0.6213142006173707] [0.9989219119997426,0.04642212540134866,0.9971794884955987,-0.07505376555281026,-0.07712456759667993,0.4600822060823284]
[0.9989219119997426,0.04642212540134866,0.9971794884955987,-0.07505376555281026,-0.07712456759667993,0.4600822060823284] [0.999260797997837,0.03844291332256374,0.9999589903388605,-0.009056359118689367,0.0008777533564210682,0.1881293993956633]
[0.999260797997837,0.03844291332256374,0.9999589903388605,-0.009056359118689367,0.0008777533564210682,0.1881293993956633] [0.9988820535116119,0.047272012570074656,0.9999967132361742,-0.0025638870585081444,0.08575152114144076,-0.1226423800078617]
[0.9988820535116119,0.047272012570074656,0.9999967132361742,-0.0025638870585081444,0.08575152114144076,-0.1226423800078617] [0.9974771117563588,0.07098881265518205,0.9984680361799856,-0.0553315527243085,0.1452392676258134,-0.39225137558810347]
[0.9974771117563588,0.07098881265518205,0.9984680361799856,-0.0553315527243085,0.1452392676258134,-0.39225137558810347] [0.9948060594606682,0.1017885261723409,0.9884547207255984,-0.15151655049953888,0.15445264460999933,-0.553390321713666]
[0.9948060594606682,0.1017885261723409,0.9884547207255984,-0.15151655049953888,0.15445264460999933,-0.553390321713666] [0.991718139648399,0.12843337374809716,0.9645840061919336,-0.2637758423334475,0.1047118264048496,-0.5711184213714707]
[0.991718139648399,0.12843337374809716,0.9645840061919336,-0.2637758423334475,0.1047118264048496,-0.5711184213714707] [0.990122914747882,0.14020204595924482,0.9318230637788392,-0.3629129066454064,0.0087777685482643,-0.4547210760196406]
[0.990122914747882,0.14020204595924482,0.9318230637788392,-0.3629129066454064,0.0087777685482643,-0.4547210760196406] [0.9914110197810426,0.13078298764255666,0.9035513412117712,-0.4284798405927745,-0.10343013865681049,-0.2501510221504133]
[0.9914110197810426,0.13078298764255666,0.9035513412117712,-0.4284798405927745,-0.10343013865681049,-0.2501510221504133] [0.9949475778994047,0.10039580286101578,0.8917209529192254,-0.4525856185572279,-0.19658425449903366,-0.019378936203743563]
[0.9949475778994047,0.10039580286101578,0.8917209529192254,-0.4525856185572279,-0.19658425449903366,-0.019378936203743563] [0.9984437621108313,0.05576785724743006,0.8992171640758897,-0.4375025620854287,-0.24140892162428448,0.17809442212551324]
[0.9984437621108313,0.05576785724743006,0.8992171640758897,-0.4375025620854287,-0.24140892162428448,0.17809442212551324] [0.9999650239306104,0.00836366638823866,0.9196045752061185,-0.3928452943080447,-0.2220651243901773,0.29775272912700235]
[0.9999650239306104,0.00836366638823866,0.9196045752061185,-0.3928452943080447,-0.2220651243901773,0.29775272912700235] [0.9995870629883069,-0.028735057097744737,0.9426212822915373,-0.33386392163733114,-0.13987996323505755,0.319610908421901]
[0.9995870629883069,-0.028735057097744737,0.9426212822915373,-0.33386392163733114,-0.13987996323505755,0.319610908421901] [0.9990071721364243,-0.04454963546410648,0.9605262791809629,-0.27818926471518446,-0.013710455644131897,0.25348630228478347]
[0.9990071721364243,-0.04454963546410648,0.9605262791809629,-0.27818926471518446,-0.013710455644131897,0.25348630228478347] [0.9994424609376413,-0.03338813074898471,0.9707207255801877,-0.24021089261120926,0.1240877290384376,0.13535489761675612]
[0.9994424609376413,-0.03338813074898471,0.9707207255801877,-0.24021089261120926,0.1240877290384376,0.13535489761675612] [0.9999943682610589,0.003356105803702781,0.9741241354392612,-0.22601364727536194,0.23622012475095133,0.01430343632577974]
[0.9999943682610589,0.003356105803702781,0.9741241354392612,-0.22601364727536194,0.23622012475095133,0.01430343632577974] [0.9983628377992203,0.057198287574785026,0.9727457202832194,-0.23187445670164017,0.29132112254362313,-0.06494750507496086]
[0.9983628377992203,0.057198287574785026,0.9727457202832194,-0.23187445670164017,0.29132112254362313,-0.06494750507496086] [0.9934033980262424,0.11467209246331432,0.9690639882309411,-0.24680961633198675,0.2735544896339061,-0.07757337839868564]
[0.9934033980262424,0.11467209246331432,0.9690639882309411,-0.24680961633198675,0.2735544896339061,-0.07757337839868564] [0.9869094281942491,0.16127548028544286,0.9662291818772383,-0.25768424105645793,0.18739667647382258,-0.026231918939044398]
[0.9869094281942491,0.16127548028544286,0.9662291818772383,-0.25768424105645793,0.18739667647382258,-0.026231918939044398] [0.9826086084685604,0.185688778776423,0.9670803622736438,-0.25447116320848207,0.05584996447362825,0.06217278583672133]
[0.9826086084685604,0.185688778776423,0.9670803622736438,-0.25447116320848207,0.05584996447362825,0.06217278583672133] [0.9832002646258183,0.18253010611874645,0.9722963282761696,-0.23375168453014208,-0.0865459663222446,0.1472077624577724]
[0.9832002646258183,0.18253010611874645,0.9722963282761696,-0.23375168453014208,-0.0865459663222446,0.1472077624577724] [0.9881814149260523,0.1532889141286654,0.9797840755943944,-0.20005790464672504,-0.20302848717459726,0.18769325080613203]
[0.9881814149260523,0.1532889141286654,0.9797840755943944,-0.20005790464672504,-0.20302848717459726,0.18769325080613203] [0.9943764752377573,0.10590290597398071,0.9862747294236915,-0.16511256190921372,-0.2641997790709055,0.15454636729245133]
[0.9943764752377573,0.10590290597398071,0.9862747294236915,-0.16511256190921372,-0.2641997790709055,0.15454636729245133] [0.9985995245971478,0.05290547678974616,0.989502413597428,-0.14451634331405105,-0.2561933128035124,0.04235701807393276]
[0.9985995245971478,0.05290547678974616,0.989502413597428,-0.14451634331405105,-0.2561933128035124,0.04235701807393276] [0.9999683567683101,0.007955216030110826,0.9883526424817333,-0.15218099125506782,-0.18483131106239742,-0.12523739931927536]
[0.9999683567683101,0.007955216030110826,0.9883526424817333,-0.15218099125506782,-0.18483131106239742,-0.12523739931927536] [0.9998331436389494,-0.01826704357732584,0.9809017326320235,-0.194503961192296,-0.07361632740840517,-0.3009561183099537]
[0.9998331436389494,-0.01826704357732584,0.9809017326320235,-0.194503961192296,-0.07361632740840517,-0.3009561183099537] [0.9997788607962098,-0.021029253553867117,0.9637808067654937,-0.26669562521806406,0.044144410936944434,-0.42882776034157627]
[0.9997788607962098,-0.021029253553867117,0.9637808067654937,-0.26669562521806406,0.044144410936944434,-0.42882776034157627] [0.9999972391656881,-0.0023498214829296396,0.9355616891737413,-0.3531633131433331,0.13629051597650244,-0.46319109457814817]
[0.9999972391656881,-0.0023498214829296396,0.9355616891737413,-0.3531633131433331,0.13629051597650244,-0.46319109457814817] [0.9995417063567009,0.030271723663092793,0.9015171397909632,-0.43274339586309224,0.18131739240003558,-0.3842340291462577]
[0.9995417063567009,0.030271723663092793,0.9015171397909632,-0.43274339586309224,0.18131739240003558,-0.3842340291462577] [0.9977892110469933,0.06645818473460469,0.8738833944929312,-0.48613559099238146,0.17247266422566176,-0.20279818007403833]
[0.9977892110469933,0.06645818473460469,0.8738833944929312,-0.48613559099238146,0.17247266422566176,-0.20279818007403833] [0.9953891006239214,0.09591943681601169,0.8657852128383443,-0.5004157923471868,0.1167829463272606,0.045425704324685484]
[0.9953891006239214,0.09591943681601169,0.8657852128383443,-0.5004157923471868,0.1167829463272606,0.045425704324685484] [0.9938175198452213,0.11102584045479369,0.8830782746640702,-0.46922570349068576,0.032561734852537896,0.30853990044536694]
[0.9938175198452213,0.11102584045479369,0.8830782746640702,-0.46922570349068576,0.032561734852537896,0.30853990044536694] [0.9940712268567429,0.10873084169420404,0.9196055431073288,-0.3928430285575588,-0.053352825211884086,0.525373350134427]
[0.9940712268567429,0.10873084169420404,0.9196055431073288,-0.3928430285575588,-0.053352825211884086,0.525373350134427] [0.9957887298623971,0.09167772618817488,0.9595294863444099,-0.2816081760809384,-0.11124352612386532,0.635296692759248]
[0.9957887298623971,0.09167772618817488,0.9595294863444099,-0.2816081760809384,-0.11124352612386532,0.635296692759248] [0.9976983308596216,0.06780885340370507,0.9872829972590856,-0.15897258670323128,-0.11928329846597308,0.5975357777798795]
[0.9976983308596216,0.06780885340370507,0.9872829972590856,-0.15897258670323128,-0.11928329846597308,0.5975357777798795] [0.9988621135480198,0.04769148895120389,0.9984047958884906,-0.05646116848650306,-0.07478557212548412,0.41299555760235973]
[0.9988621135480198,0.04769148895120389,0.9984047958884906,-0.05646116848650306,-0.07478557212548412,0.41299555760235973] [0.9991874394102275,0.04030460178234062,0.9999991260703236,-0.001322066030485803,0.003962010179931044,0.12826759290487927]
[0.9991874394102275,0.04030460178234062,0.9999991260703236,-0.001322066030485803,0.003962010179931044,0.12826759290487927] [0.9987709453000574,0.04956408805203306,0.9999755803303287,-0.006988472152220255,0.08652088203816481,-0.18221202225155575]
[0.9987709453000574,0.04956408805203306,0.9999755803303287,-0.006988472152220255,0.08652088203816481,-0.18221202225155575] [0.9973329349494324,0.07298641562065675,0.9975086386006058,-0.07054442513172857,0.1412556175437027,-0.43902277837158143]
[0.9973329349494324,0.07298641562065675,0.9975086386006058,-0.07054442513172857,0.1412556175437027,-0.43902277837158143] [0.9947418704194494,0.10241392109676958,0.9847955053353334,-0.17371762337576838,0.14472323638640072,-0.5781497635072407]
[0.9947418704194494,0.10241392109676958,0.9847955053353334,-0.17371762337576838,0.14472323638640072,-0.5781497635072407] [0.9919471260071148,0.12665267153212842,0.9577072843924928,-0.28774425697406536,0.09067219070785451,-0.5708193664118189]
[0.9919471260071148,0.12665267153212842,0.9577072843924928,-0.28774425697406536,0.09067219070785451,-0.5708193664118189] [0.9907733743725894,0.13552903981934225,0.9233661584036411,-0.38392048332291656,-0.005627378277434106,-0.43320596132371]
[0.9907733743725894,0.13552903981934225,0.9233661584036411,-0.38392048332291656,-0.005627378277434106,-0.43320596132371] [0.9923295054726817,0.12362100375074953,0.896186442666093,-0.4436776532365513,-0.11329740141946808,-0.2155610274883709]
[0.9923295054726817,0.12362100375074953,0.896186442666093,-0.4436776532365513,-0.11329740141946808,-0.2155610274883709] [0.9957562168052397,0.09203019446744803,0.887418607259868,-0.4609644405905472,-0.19812445552260116,0.019358448017920943]
[0.9957562168052397,0.09203019446744803,0.887418607259868,-0.4609644405905472,-0.19812445552260116,0.019358448017920943] [0.9988455173727239,0.04803782285257783,0.8983863026910369,-0.4392061601766629,-0.2332317098763904,0.21358861951245942]
[0.9988455173727239,0.04803782285257783,0.8983863026910369,-0.4392061601766629,-0.2332317098763904,0.21358861951245942] [0.9999950458253686,0.0031477491512340522,0.9213455898045285,-0.38874452298102613,-0.20540366505185212,0.3252278360755015]
[0.9999950458253686,0.0031477491512340522,0.9213455898045285,-0.38874452298102613,-0.20540366505185212,0.3252278360755015] [0.9995487507495823,-0.030038223565143716,0.9455778570337752,-0.3253959377242032,-0.11811128944078263,0.33720483367574344]
[0.9995487507495823,-0.030038223565143716,0.9455778570337752,-0.3253959377242032,-0.11811128944078263,0.33720483367574344] [0.9991435302544966,-0.041378810405590646,0.9636732063841432,-0.2670841651938663,0.008472288360093852,0.26189942202247357]
[0.9991435302544966,-0.041378810405590646,0.9636732063841432,-0.2670841651938663,0.008472288360093852,0.26189942202247357] [0.9996577742116646,-0.02615978704386841,0.9736462825947256,-0.22806340431878067,0.14171332251333346,0.13689933313896815]
[0.9996577742116646,-0.02615978704386841,0.9736462825947256,-0.22806340431878067,0.14171332251333346,0.13689933313896815] [0.9999115421446785,0.013300672383415538,0.9768397946393613,-0.21397199725415073,0.2452018381918561,0.011632055165981425]
[0.9999115421446785,0.013300672383415538,0.9768397946393613,-0.21397199725415073,0.2452018381918561,0.011632055165981425] [0.9976952666690545,0.06785392299759974,0.9753595387748495,-0.22062132743892385,0.28951517962445716,-0.07001841185099802]
[0.9976952666690545,0.06785392299759974,0.9753595387748495,-0.22062132743892385,0.28951517962445716,-0.07001841185099802] [0.9923004867337333,0.12385372028322815,0.9715640185796777,-0.2367770212696065,0.26135466121615597,-0.08470880305390384]
[0.9923004867337333,0.12385372028322815,0.9715640185796777,-0.2367770212696065,0.26135466121615597,-0.08470880305390384] [0.9859264404007582,0.16717970606114352,0.9684175367378394,-0.24933406213073947,0.16759636930805424,-0.03638759341004541]
[0.9859264404007582,0.16717970606114352,0.9684175367378394,-0.24933406213073947,0.16759636930805424,-0.03638759341004541] [0.9823053990999536,0.1872861524488151,0.9686342228139193,-0.24849093020405097,0.0328475707849607,0.04759103522126712]
[0.9823053990999536,0.1872861524488151,0.9686342228139193,-0.24849093020405097,0.0328475707849607,0.04759103522126712] [0.9837223164311159,0.17969530921924357,0.9729320058246316,-0.2310915663585738,-0.10784794953902696,0.12730801158912997]
[0.9837223164311159,0.17969530921924357,0.9729320058246316,-0.2310915663585738,-0.10784794953902696,0.12730801158912997] [0.9891718794035091,0.1467616877707855,0.9794309548875952,-0.20177959413174892,-0.218327152657721,0.16289832123652476]
[0.9891718794035091,0.1467616877707855,0.9794309548875952,-0.20177959413174892,-0.218327152657721,0.16289832123652476] [0.9952712257690566,0.09713489154860677,0.9850896113354197,-0.17204202288694398,-0.270740279050977,0.12718648833641844]
[0.9952712257690566,0.09713489154860677,0.9850896113354197,-0.17204202288694398,-0.270740279050977,0.12718648833641844] [0.9990429637834669,0.04373964465729566,0.9876329545683634,-0.15678375888645144,-0.2533787357355643,0.0167879361710052]
[0.9990429637834669,0.04373964465729566,0.9876329545683634,-0.15678375888645144,-0.2533787357355643,0.0167879361710052] [0.9999999872764328,0.00015952157945227542,0.9856440132968789,-0.1688368415128107,-0.17425299157412222,-0.1433743996414819]
[0.9999999872764328,0.00015952157945227542,0.9856440132968789,-0.1688368415128107,-0.17425299157412222,-0.1433743996414819] [0.9997255878276873,-0.023425393114847134,0.9769662141769744,-0.21339404011525284,-0.05841417443186685,-0.30628295636281555]
[0.9997255878276873,-0.023425393114847134,0.9769662141769744,-0.21339404011525284,-0.05841417443186685,-0.30628295636281555] [0.9997356870685445,-0.022990345834395083,0.9586038174205161,-0.284743254927687,0.060352537848561885,-0.4180196536287426]
[0.9997356870685445,-0.022990345834395083,0.9586038174205161,-0.284743254927687,0.060352537848561885,-0.4180196536287426] [0.9999992327710089,-0.0012387321719010203,0.9301720070381425,-0.36712400809894424,0.1503682038584967,-0.43618145273216685]
[0.9999992327710089,-0.0012387321719010203,0.9301720070381425,-0.36712400809894424,0.1503682038584967,-0.43618145273216685] [0.9994290445950499,0.03378734703739975,0.8979451134357982,-0.440107456488494,0.19101113004792045,-0.34419156137257934]
[0.9994290445950499,0.03378734703739975,0.8979451134357982,-0.440107456488494,0.19101113004792045,-0.34419156137257934] [0.9974517616262933,0.07134411838830182,0.8742155553693673,-0.4855380137025614,0.17644961189307487,-0.15521274989301692]
[0.9974517616262933,0.07134411838830182,0.8742155553693673,-0.4855380137025614,0.17644961189307487,-0.15521274989301692] [0.9948875267686925,0.10098915327932058,0.8709302982899083,-0.49140656845493147,0.11487579662237384,0.0934547420016873]
[0.9948875267686925,0.10098915327932058,0.8709302982899083,-0.49140656845493147,0.11487579662237384,0.0934547420016873] [0.9933386399017302,0.1152317077812389,0.89197904005789,-0.4520767546527969,0.026247986507635254,0.3484658562020801]
[0.9933386399017302,0.1152317077812389,0.89197904005789,-0.4520767546527969,0.026247986507635254,0.3484658562020801] [0.9937648170591965,0.1114965845902991,0.9293995519688877,-0.36907515874145597,-0.060949180800639546,0.5478145246415291]
[0.9937648170591965,0.1114965845902991,0.9293995519688877,-0.36907515874145597,-0.060949180800639546,0.5478145246415291] [0.9956555345973955,0.09311313777107157,0.9669768200043026,-0.25486433562655725,-0.11656806940953113,0.6325238106163742]
[0.9956555345973955,0.09311313777107157,0.9669768200043026,-0.25486433562655725,-0.11656806940953113,0.6325238106163742] [0.9976446831196709,0.06859363121348326,0.9908742464577055,-0.13478956824203536,-0.12043423993674426,0.5675123983752881]
[0.9976446831196709,0.06859363121348326,0.9908742464577055,-0.13478956824203536,-0.12043423993674426,0.5675123983752881] [0.9988177326795289,0.04861210636174133,0.9991861438049194,-0.040336708198051754,-0.07262429301551261,0.3614948384766902]
[0.9988177326795289,0.04861210636174133,0.9991861438049194,-0.040336708198051754,-0.07262429301551261,0.3614948384766902] [0.9991273326001251,0.04176808891197839,0.9999945427754487,0.003303697825333229,0.0067335064957549096,0.06670989078732703]
[0.9991273326001251,0.04176808891197839,0.9999945427754487,0.003303697825333229,0.0067335064957549096,0.06670989078732703] [0.9986788241521694,0.05138682895490312,0.9998939016461448,-0.014566586794777146,0.08690390167834178,-0.24054378473089005]
[0.9986788241521694,0.05138682895490312,0.9998939016461448,-0.014566586794777146,0.08690390167834178,-0.24054378473089005] [0.9972256295621356,0.07443818740674972,0.9960885426575011,-0.08836071064933528,0.13690685004568123,-0.48188029413427536]
[0.9972256295621356,0.07443818740674972,0.9960885426575011,-0.08836071064933528,0.13690685004568123,-0.48188029413427536] [0.9947390497272849,0.10244131465213749,0.9803137001473492,-0.19744632005538393,0.13487045120787036,-0.5972065421783541]
[0.9947390497272849,0.10244131465213749,0.9803137001473492,-0.19744632005538393,0.13487045120787036,-0.5972065421783541] [0.9922439509105859,0.12430584009349951,0.9500950706872517,-0.3119605049614231,0.07712399875455442,-0.5644873259584413]
[0.9922439509105859,0.12430584009349951,0.9500950706872517,-0.3119605049614231,0.07712399875455442,-0.5644873259584413] [0.991452436517643,0.13046864038238873,0.9147076581958299,-0.404116196208344,-0.018694156885592852,-0.40667817638382864]
[0.991452436517643,0.13046864038238873,0.9147076581958299,-0.404116196208344,-0.018694156885592852,-0.40667817638382864] [0.9932017295375182,0.11640586086483215,0.8892583014820081,-0.45740537080945376,-0.12116183772658991,-0.17763964862987544]
[0.9932017295375182,0.11640586086483215,0.8892583014820081,-0.45740537080945376,-0.12116183772658991,-0.17763964862987544] [0.9964629088489195,0.0840337508882581,0.8839770271183762,-0.4675303364777066,-0.19752795011497598,0.059740915832692365]
[0.9964629088489195,0.0840337508882581,0.8839770271183762,-0.4675303364777066,-0.19752795011497598,0.059740915832692365] [0.9991562424694884,0.04107070895727183,0.8985163075859255,-0.43894013829012546,-0.22338495559247917,0.24935344511240667]
[0.9991562424694884,0.04107070895727183,0.8985163075859255,-0.43894013829012546,-0.22338495559247917,0.24935344511240667] [0.9999994462806961,-0.0010523489445175686,0.9238880381572283,-0.38266289727381175,-0.18796349805530874,0.3519276354701731]
[0.9999994462806961,-0.0010523489445175686,0.9238880381572283,-0.38266289727381175,-0.18796349805530874,0.3519276354701731] [0.9995416407110108,-0.030273891139736175,0.9490572399029735,-0.31510372163424194,-0.09660246212983774,0.353181644324952]
[0.9995416407110108,-0.030273891139736175,0.9490572399029735,-0.31510372163424194,-0.09660246212983774,0.353181644324952] [0.9993044969965115,-0.037289707461298206,0.9670736479306458,-0.25449667871725457,0.029452458529009226,0.2679556146894495]
[0.9993044969965115,-0.037289707461298206,0.9670736479306458,-0.25449667871725457,0.029452458529009226,0.2679556146894495] [0.9998320748723666,-0.0183254483278974,0.9766264207000301,-0.21494379356159057,0.15745728870165437,0.13545056426607696]
[0.9998320748723666,-0.0183254483278974,0.9766264207000301,-0.21494379356159057,0.15745728870165437,0.13545056426607696] [0.9997253742510204,0.02343450615347729,0.9794694672939881,-0.20159256593146263,0.2519896138417488,0.005520752268831697]
[0.9997253742510204,0.02343450615347729,0.9794694672939881,-0.20159256593146263,0.2519896138417488,0.005520752268831697] [0.9969332041982526,0.07825718092932533,0.9777600662103981,-0.20972661472554682,0.28560780324070456,-0.07867159442039887]
[0.9969332041982526,0.07825718092932533,0.9777600662103981,-0.20972661472554682,0.28560780324070456,-0.07867159442039887] [0.9911957248378196,0.13240481510590674,0.9737115584879658,-0.22778454922785443,0.24750600229111797,-0.09516180427488118]
[0.9911957248378196,0.13240481510590674,0.9737115584879658,-0.22778454922785443,0.24750600229111797,-0.09516180427488118] [0.9850615363574742,0.1722026991340511,0.9701244492658734,-0.24260781713824844,0.14684112855463075,-0.049136932981272]
[0.9850615363574742,0.1722026991340511,0.9701244492658734,-0.24260781713824844,0.14684112855463075,-0.049136932981272] [0.9821881708919241,0.18789996530062614,0.9696389657103885,-0.24454094989610234,0.00968048148724246,0.03156006316031296]
[0.9821881708919241,0.18789996530062614,0.9696389657103885,-0.24454094989610234,0.00968048148724246,0.03156006316031296] [0.984404922279164,0.17591744936916623,0.9730432935284707,-0.23062252474393363,-0.12855510906941586,0.10739042350121754]
[0.984404922279164,0.17591744936916623,0.9730432935284707,-0.23062252474393363,-0.12855510906941586,0.10739042350121754] [0.9902271863201751,0.1394636851385662,0.9786445621645977,-0.20555977462933453,-0.23240381434274832,0.13961262661717339]
[0.9902271863201751,0.1394636851385662,0.9786445621645977,-0.20555977462933453,-0.23240381434274832,0.13961262661717339] [0.9961311649831366,0.0878789061683131,0.9835578918917789,-0.18059311531007993,-0.2756469515737968,0.102742421768891]
[0.9961311649831366,0.0878789061683131,0.9835578918917789,-0.18059311531007993,-0.2756469515737968,0.102742421768891] [0.9994069829645367,0.03443373929334986,0.9854486018851997,-0.16997368338217914,-0.24878432427762104,-0.004808384799089502]
[0.9994069829645367,0.03443373929334986,0.9854486018851997,-0.16997368338217914,-0.24878432427762104,-0.004808384799089502] [0.9999724414942502,-0.007424032060020425,0.9826350831105264,-0.18554862823628995,-0.16200633159176764,-0.15704432160228066]
[0.9999724414942502,-0.007424032060020425,0.9826350831105264,-0.18554862823628995,-0.16200633159176764,-0.15704432160228066] [0.9996060776101573,-0.028065808465748583,0.9728477347806577,-0.23144607348612162,-0.04185449083335302,-0.3073337792122348]
[0.9996060776101573,-0.028065808465748583,0.9728477347806577,-0.23144607348612162,-0.04185449083335302,-0.3073337792122348] [0.9997069794670161,-0.02420651162259567,0.953560538946,-0.3012014252373551,0.07745362872995244,-0.4037515944607643]
[0.9997069794670161,-0.02420651162259567,0.953560538946,-0.3012014252373551,0.07745362872995244,-0.4037515944607643] [0.9999997289869322,0.000736224192798891,0.9253867709489193,-0.37902417357304835,0.164713793147629,-0.40690027565363196]
[0.9999997289869322,0.000736224192798891,0.9253867709489193,-0.37902417357304835,0.164713793147629,-0.40690027565363196] [0.9992722453979432,0.03814419454324263,0.8954127931927615,-0.44523693668285996,0.20020779521513654,-0.3031741320508883]
[0.9992722453979432,0.03814419454324263,0.8954127931927615,-0.44523693668285996,0.20020779521513654,-0.3031741320508883] [0.997039357723123,0.07689290702699705,0.8757690963213989,-0.482730245508193,0.1791953211399287,-0.1080140563594342]
[0.997039357723123,0.07689290702699705,0.8757690963213989,-0.482730245508193,0.1791953211399287,-0.1080140563594342] [0.9943206513977154,0.10642575911884758,0.8770859086175353,-0.48033353922514355,0.11132705151214806,0.1395106649150256]
[0.9943206513977154,0.10642575911884758,0.8770859086175353,-0.48033353922514355,0.11132705151214806,0.1395106649150256] [0.9928363650688936,0.11948201620656838,0.9012909528840167,-0.4332142867558977,0.018417681868881597,0.3845388384474196]
[0.9928363650688936,0.11948201620656838,0.9012909528840167,-0.4332142867558977,0.018417681868881597,0.3845388384474196] [0.9934739637198896,0.11405912243521528,0.9388396199475207,-0.3443547124939556,-0.06948996251090796,0.5645860796731721]
[0.9934739637198896,0.11405912243521528,0.9388396199475207,-0.3443547124939556,-0.06948996251090796,0.5645860796731721] [0.9955512286084682,0.09422181921492208,0.9735663854609932,-0.2284042317918318,-0.12222467862888135,0.6231647033258869]
[0.9955512286084682,0.09422181921492208,0.9735663854609932,-0.2284042317918318,-0.12222467862888135,0.6231647033258869] [0.9976154046167162,0.06901814595760841,0.9936762890639907,-0.11228282394033562,-0.12164998116407372,0.53160660349474]
[0.9976154046167162,0.06901814595760841,0.9936762890639907,-0.11228282394033562,-0.12164998116407372,0.53160660349474] [0.9987910984752181,0.049156297731493916,0.9996368757182631,-0.026946552733696828,-0.07058648255066297,0.30627571401076126]
[0.9987910984752181,0.049156297731493916,0.9996368757182631,-0.026946552733696828,-0.07058648255066297,0.30627571401076126] [0.999082918251463,0.042817314933803176,0.9999888577988608,0.004720622642160107,0.009256878418391234,0.004293188368177159]
[0.999082918251463,0.042817314933803176,0.9999888577988608,0.004720622642160107,0.009256878418391234,0.004293188368177159] [0.9986083857873521,0.05273795440836631,0.9996817574910998,-0.02522664740915964,0.08697099169185778,-0.2967893251915259]
[0.9986083857873521,0.05273795440836631,0.9996817574910998,-0.02522664740915964,0.08697099169185778,-0.2967893251915259] [0.9971566730863312,0.0753562825476392,0.9940926154015468,-0.10853511875937798,0.13227105823553814,-0.5201094409156097]
[0.9971566730863312,0.0753562825476392,0.9940926154015468,-0.10853511875937798,0.13227105823553814,-0.5201094409156097] [0.9947943835497909,0.1019025733619697,0.9749707885994414,-0.2223329966014567,0.12502321054508744,-0.6101784801686155]
[0.9947943835497909,0.1019025733619697,0.9749707885994414,-0.2223329966014567,0.12502321054508744,-0.6101784801686155] [0.9925967572273562,0.12145648414859135,0.9418459169184215,-0.33604503981475153,0.0642577346608944,-0.5521680555314826]
[0.9925967572273562,0.12145648414859135,0.9418459169184215,-0.33604503981475153,0.0642577346608944,-0.5521680555314826] [0.9921413606627489,0.12512202229131797,0.9060329400660719,-0.4232071732795059,-0.03025052724164025,-0.37549936705422315]
[0.9921413606627489,0.12512202229131797,0.9060329400660719,-0.4232071732795059,-0.03025052724164025,-0.37549936705422315] [0.9940128965515019,0.10926280926872209,0.8829458392883439,-0.4694748607576363,-0.1269787786937503,-0.13686312419758723]
[0.9940128965515019,0.10926280926872209,0.8829458392883439,-0.4694748607576363,-0.1269787786937503,-0.13686312419758723] [0.9970677026156229,0.07652448236220734,0.8815072627830965,-0.47217046250337685,-0.1949270648960247,0.10132019653935101]
[0.9970677026156229,0.07652448236220734,0.8815072627830965,-0.47217046250337685,-0.1949270648960247,0.10132019653935101] [0.9993893119417381,0.03494285587383256,0.8996351039463913,-0.4366425079482821,-0.21214152456428467,0.2850040927452652]
[0.9993893119417381,0.03494285587383256,0.8996351039463913,-0.4366425079482821,-0.21214152456428467,0.2850040927452652] [0.9999910857483479,-0.004222371826384556,0.9271906145021335,-0.37458986155414836,-0.17006706291736973,0.37748967333783356]
[0.9999910857483479,-0.004222371826384556,0.9271906145021335,-0.37458986155414836,-0.17006706291736973,0.37748967333783356] [0.9995650935531495,-0.02948938368436023,0.952976125422039,-0.30304538335965164,-0.07563326672071093,0.36715462236843854]
[0.9995650935531495,-0.02948938368436023,0.952976125422039,-0.30304538335965164,-0.07563326672071093,0.36715462236843854] [0.9994757650692943,-0.03237584036205085,0.9706320297764991,-0.24056903951247197,0.04904929218091342,0.27125305193718896]
[0.9994757650692943,-0.03237584036205085,0.9706320297764991,-0.24056903951247197,0.04904929218091342,0.27125305193718896] [0.9999499597732162,-0.01000389671794846,0.9795753959585244,-0.20107720813831734,0.17125335777938422,0.13066451670560209]
[0.9999499597732162,-0.01000389671794846,0.9795753959585244,-0.20107720813831734,0.17125335777938422,0.13066451670560209] [0.9994341751297533,0.033635243164120754,0.9819461727944169,-0.1891605501535591,0.25661960610574486,-0.004218779948749446]
[0.9994341751297533,0.033635243164120754,0.9819461727944169,-0.1891605501535591,0.25661960610574486,-0.004218779948749446] [0.9960937565058002,0.08830191532556698,0.9798989182556972,-0.19949463652267552,0.27971074571948923,-0.09086365743282591]
[0.9960937565058002,0.08830191532556698,0.9798989182556972,-0.19949463652267552,0.27971074571948923,-0.09086365743282591] [0.9901162925312849,0.14024880485802088,0.9754761127103394,-0.22010532372372382,0.2321637209768945,-0.10863443184530902]
[0.9901162925312849,0.14024880485802088,0.9754761127103394,-0.22010532372372382,0.2321637209768945,-0.10863443184530902] [0.9843362017319742,0.17630156539256864,0.9713389210683716,-0.23769875981530025,0.1253021885530809,-0.06396622095273413]
[0.9843362017319742,0.17630156539256864,0.9713389210683716,-0.23769875981530025,0.1253021885530809,-0.06396622095273413] [0.9822608986341527,0.18751940436772616,0.9701019103184708,-0.24269792664226375,-0.013480123100719138,0.014720972028709936]
[0.9822608986341527,0.18751940436772616,0.9701019103184708,-0.24269792664226375,-0.013480123100719138,0.014720972028709936] [0.9852334257024623,0.17121652046047028,0.9726470787036758,-0.23228788235550607,-0.148503844662996,0.08810926745343567]
